Lasso Model
$lambda
  [1] 1.000000e+10 7.564633e+09 5.722368e+09 4.328761e+09 3.274549e+09 2.477076e+09 1.873817e+09
  [8] 1.417474e+09 1.072267e+09 8.111308e+08 6.135907e+08 4.641589e+08 3.511192e+08 2.656088e+08
 [15] 2.009233e+08 1.519911e+08 1.149757e+08 8.697490e+07 6.579332e+07 4.977024e+07 3.764936e+07
 [22] 2.848036e+07 2.154435e+07 1.629751e+07 1.232847e+07 9.326033e+06 7.054802e+06 5.336699e+06
 [29] 4.037017e+06 3.053856e+06 2.310130e+06 1.747528e+06 1.321941e+06 1.000000e+06 7.564633e+05
 [36] 5.722368e+05 4.328761e+05 3.274549e+05 2.477076e+05 1.873817e+05 1.417474e+05 1.072267e+05
 [43] 8.111308e+04 6.135907e+04 4.641589e+04 3.511192e+04 2.656088e+04 2.009233e+04 1.519911e+04
 [50] 1.149757e+04 8.697490e+03 6.579332e+03 4.977024e+03 3.764936e+03 2.848036e+03 2.154435e+03
 [57] 1.629751e+03 1.232847e+03 9.326033e+02 7.054802e+02 5.336699e+02 4.037017e+02 3.053856e+02
 [64] 2.310130e+02 1.747528e+02 1.321941e+02 1.000000e+02 7.564633e+01 5.722368e+01 4.328761e+01
 [71] 3.274549e+01 2.477076e+01 1.873817e+01 1.417474e+01 1.072267e+01 8.111308e+00 6.135907e+00
 [78] 4.641589e+00 3.511192e+00 2.656088e+00 2.009233e+00 1.519911e+00 1.149757e+00 8.697490e-01
 [85] 6.579332e-01 4.977024e-01 3.764936e-01 2.848036e-01 2.154435e-01 1.629751e-01 1.232847e-01
 [92] 9.326033e-02 7.054802e-02 5.336699e-02 4.037017e-02 3.053856e-02 2.310130e-02 1.747528e-02
 [99] 1.321941e-02 1.000000e-02

$cvm
  [1] 0.9834797 0.9834797 0.9834797 0.9834797 0.9834797 0.9834797 0.9834797 0.9834797 0.9834797
 [10] 0.9834797 0.9834797 0.9834797 0.9834797 0.9834797 0.9834797 0.9834797 0.9834797 0.9834797
 [19] 0.9834797 0.9834797 0.9834797 0.9834797 0.9834797 0.9834797 0.9834797 0.9834797 0.9834797
 [28] 0.9834797 0.9834797 0.9834797 0.9834797 0.9834797 0.9834797 0.9834797 0.9834797 0.9834797
 [37] 0.9834797 0.9834797 0.9834797 0.9834797 0.9834797 0.9834797 0.9834797 0.9834797 0.9834797
 [46] 0.9834797 0.9834797 0.9834797 0.9834797 0.9834797 0.9834797 0.9834797 0.9834797 0.9834797
 [55] 0.9834797 0.9834797 0.9834797 0.9834797 0.9834797 0.9834797 0.9834797 0.9834797 0.9834797
 [64] 0.9834797 0.9834797 0.9834797 0.9834797 0.9834797 0.9834797 0.9834797 0.9834797 0.9834797
 [73] 0.9834797 0.9834797 0.9834797 0.9834797 0.9834797 0.9834797 0.9834797 0.9834797 0.9834797
 [82] 0.9834797 0.9834797 0.9834797 0.9039257 0.6380365 0.4798123 0.3869599 0.3338647 0.3035027
 [91] 0.2861521 0.2762339 0.2708049 0.2680122 0.2665878 0.2640717 0.2606544 0.2584887 0.2576329
[100] 0.2572333

$cvsd
  [1] 0.03421249 0.03421249 0.03421249 0.03421249 0.03421249 0.03421249 0.03421249 0.03421249
  [9] 0.03421249 0.03421249 0.03421249 0.03421249 0.03421249 0.03421249 0.03421249 0.03421249
 [17] 0.03421249 0.03421249 0.03421249 0.03421249 0.03421249 0.03421249 0.03421249 0.03421249
 [25] 0.03421249 0.03421249 0.03421249 0.03421249 0.03421249 0.03421249 0.03421249 0.03421249
 [33] 0.03421249 0.03421249 0.03421249 0.03421249 0.03421249 0.03421249 0.03421249 0.03421249
 [41] 0.03421249 0.03421249 0.03421249 0.03421249 0.03421249 0.03421249 0.03421249 0.03421249
 [49] 0.03421249 0.03421249 0.03421249 0.03421249 0.03421249 0.03421249 0.03421249 0.03421249
 [57] 0.03421249 0.03421249 0.03421249 0.03421249 0.03421249 0.03421249 0.03421249 0.03421249
 [65] 0.03421249 0.03421249 0.03421249 0.03421249 0.03421249 0.03421249 0.03421249 0.03421249
 [73] 0.03421249 0.03421249 0.03421249 0.03421249 0.03421249 0.03421249 0.03421249 0.03421249
 [81] 0.03421249 0.03421249 0.03421249 0.03421249 0.03605717 0.02391610 0.01700800 0.01362814
 [89] 0.01283762 0.01307206 0.01357428 0.01407322 0.01455871 0.01501812 0.01542322 0.01595557
 [97] 0.01623023 0.01634879 0.01649086 0.01662454

$cvup
  [1] 1.0176922 1.0176922 1.0176922 1.0176922 1.0176922 1.0176922 1.0176922 1.0176922 1.0176922
 [10] 1.0176922 1.0176922 1.0176922 1.0176922 1.0176922 1.0176922 1.0176922 1.0176922 1.0176922
 [19] 1.0176922 1.0176922 1.0176922 1.0176922 1.0176922 1.0176922 1.0176922 1.0176922 1.0176922
 [28] 1.0176922 1.0176922 1.0176922 1.0176922 1.0176922 1.0176922 1.0176922 1.0176922 1.0176922
 [37] 1.0176922 1.0176922 1.0176922 1.0176922 1.0176922 1.0176922 1.0176922 1.0176922 1.0176922
 [46] 1.0176922 1.0176922 1.0176922 1.0176922 1.0176922 1.0176922 1.0176922 1.0176922 1.0176922
 [55] 1.0176922 1.0176922 1.0176922 1.0176922 1.0176922 1.0176922 1.0176922 1.0176922 1.0176922
 [64] 1.0176922 1.0176922 1.0176922 1.0176922 1.0176922 1.0176922 1.0176922 1.0176922 1.0176922
 [73] 1.0176922 1.0176922 1.0176922 1.0176922 1.0176922 1.0176922 1.0176922 1.0176922 1.0176922
 [82] 1.0176922 1.0176922 1.0176922 0.9399828 0.6619526 0.4968203 0.4005881 0.3467023 0.3165747
 [91] 0.2997264 0.2903071 0.2853636 0.2830303 0.2820110 0.2800272 0.2768846 0.2748375 0.2741237
[100] 0.2738579

$cvlo
  [1] 0.9492673 0.9492673 0.9492673 0.9492673 0.9492673 0.9492673 0.9492673 0.9492673 0.9492673
 [10] 0.9492673 0.9492673 0.9492673 0.9492673 0.9492673 0.9492673 0.9492673 0.9492673 0.9492673
 [19] 0.9492673 0.9492673 0.9492673 0.9492673 0.9492673 0.9492673 0.9492673 0.9492673 0.9492673
 [28] 0.9492673 0.9492673 0.9492673 0.9492673 0.9492673 0.9492673 0.9492673 0.9492673 0.9492673
 [37] 0.9492673 0.9492673 0.9492673 0.9492673 0.9492673 0.9492673 0.9492673 0.9492673 0.9492673
 [46] 0.9492673 0.9492673 0.9492673 0.9492673 0.9492673 0.9492673 0.9492673 0.9492673 0.9492673
 [55] 0.9492673 0.9492673 0.9492673 0.9492673 0.9492673 0.9492673 0.9492673 0.9492673 0.9492673
 [64] 0.9492673 0.9492673 0.9492673 0.9492673 0.9492673 0.9492673 0.9492673 0.9492673 0.9492673
 [73] 0.9492673 0.9492673 0.9492673 0.9492673 0.9492673 0.9492673 0.9492673 0.9492673 0.9492673
 [82] 0.9492673 0.9492673 0.9492673 0.8678685 0.6141204 0.4628043 0.3733318 0.3210271 0.2904306
 [91] 0.2725778 0.2621607 0.2562461 0.2529941 0.2511646 0.2481161 0.2444242 0.2421399 0.2411420
[100] 0.2406088

$nzero
 s0  s1  s2  s3  s4  s5  s6  s7  s8  s9 s10 s11 s12 s13 s14 s15 s16 s17 s18 s19 s20 s21 s22 s23 s24 
  0   0   0   0   0   0   0   0   0   0   0   0   0   0   0   0   0   0   0   0   0   0   0   0   0 
s25 s26 s27 s28 s29 s30 s31 s32 s33 s34 s35 s36 s37 s38 s39 s40 s41 s42 s43 s44 s45 s46 s47 s48 s49 
  0   0   0   0   0   0   0   0   0   0   0   0   0   0   0   0   0   0   0   0   0   0   0   0   0 
s50 s51 s52 s53 s54 s55 s56 s57 s58 s59 s60 s61 s62 s63 s64 s65 s66 s67 s68 s69 s70 s71 s72 s73 s74 
  0   0   0   0   0   0   0   0   0   0   0   0   0   0   0   0   0   0   0   0   0   0   0   0   0 
s75 s76 s77 s78 s79 s80 s81 s82 s83 s84 s85 s86 s87 s88 s89 s90 s91 s92 s93 s94 s95 s96 s97 s98 s99 
  0   0   0   0   0   0   0   0   0   2   3   4   4   4   4   4   4   4   5   6   9   9   9  11  12 

$name
                 mse 
"Mean-Squared Error" 

$glmnet.fit

Call:  glmnet(x = as.matrix(predictors[train_set, ]), y = response[train_set],      lambda = grid, intercept = FALSE, standardize = FALSE) 

       Df    %Dev    Lambda
  [1,]  0 0.00000 1.000e+10
  [2,]  0 0.00000 7.565e+09
  [3,]  0 0.00000 5.722e+09
  [4,]  0 0.00000 4.329e+09
  [5,]  0 0.00000 3.275e+09
  [6,]  0 0.00000 2.477e+09
  [7,]  0 0.00000 1.874e+09
  [8,]  0 0.00000 1.417e+09
  [9,]  0 0.00000 1.072e+09
 [10,]  0 0.00000 8.111e+08
 [11,]  0 0.00000 6.136e+08
 [12,]  0 0.00000 4.642e+08
 [13,]  0 0.00000 3.511e+08
 [14,]  0 0.00000 2.656e+08
 [15,]  0 0.00000 2.009e+08
 [16,]  0 0.00000 1.520e+08
 [17,]  0 0.00000 1.150e+08
 [18,]  0 0.00000 8.697e+07
 [19,]  0 0.00000 6.579e+07
 [20,]  0 0.00000 4.977e+07
 [21,]  0 0.00000 3.765e+07
 [22,]  0 0.00000 2.848e+07
 [23,]  0 0.00000 2.154e+07
 [24,]  0 0.00000 1.630e+07
 [25,]  0 0.00000 1.233e+07
 [26,]  0 0.00000 9.326e+06
 [27,]  0 0.00000 7.055e+06
 [28,]  0 0.00000 5.337e+06
 [29,]  0 0.00000 4.037e+06
 [30,]  0 0.00000 3.054e+06
 [31,]  0 0.00000 2.310e+06
 [32,]  0 0.00000 1.748e+06
 [33,]  0 0.00000 1.322e+06
 [34,]  0 0.00000 1.000e+06
 [35,]  0 0.00000 7.565e+05
 [36,]  0 0.00000 5.722e+05
 [37,]  0 0.00000 4.329e+05
 [38,]  0 0.00000 3.275e+05
 [39,]  0 0.00000 2.477e+05
 [40,]  0 0.00000 1.874e+05
 [41,]  0 0.00000 1.417e+05
 [42,]  0 0.00000 1.072e+05
 [43,]  0 0.00000 8.111e+04
 [44,]  0 0.00000 6.136e+04
 [45,]  0 0.00000 4.642e+04
 [46,]  0 0.00000 3.511e+04
 [47,]  0 0.00000 2.656e+04
 [48,]  0 0.00000 2.009e+04
 [49,]  0 0.00000 1.520e+04
 [50,]  0 0.00000 1.150e+04
 [51,]  0 0.00000 8.697e+03
 [52,]  0 0.00000 6.579e+03
 [53,]  0 0.00000 4.977e+03
 [54,]  0 0.00000 3.765e+03
 [55,]  0 0.00000 2.848e+03
 [56,]  0 0.00000 2.154e+03
 [57,]  0 0.00000 1.630e+03
 [58,]  0 0.00000 1.233e+03
 [59,]  0 0.00000 9.326e+02
 [60,]  0 0.00000 7.055e+02
 [61,]  0 0.00000 5.337e+02
 [62,]  0 0.00000 4.037e+02
 [63,]  0 0.00000 3.054e+02
 [64,]  0 0.00000 2.310e+02
 [65,]  0 0.00000 1.748e+02
 [66,]  0 0.00000 1.322e+02
 [67,]  0 0.00000 1.000e+02
 [68,]  0 0.00000 7.565e+01
 [69,]  0 0.00000 5.722e+01
 [70,]  0 0.00000 4.329e+01
 [71,]  0 0.00000 3.275e+01
 [72,]  0 0.00000 2.477e+01
 [73,]  0 0.00000 1.874e+01
 [74,]  0 0.00000 1.417e+01
 [75,]  0 0.00000 1.072e+01
 [76,]  0 0.00000 8.111e+00
 [77,]  0 0.00000 6.136e+00
 [78,]  0 0.00000 4.642e+00
 [79,]  0 0.00000 3.511e+00
 [80,]  0 0.00000 2.656e+00
 [81,]  0 0.00000 2.009e+00
 [82,]  0 0.00000 1.520e+00
 [83,]  0 0.00000 1.150e+00
 [84,]  0 0.00000 8.697e-01
 [85,]  2 0.08434 6.579e-01
 [86,]  3 0.35540 4.977e-01
 [87,]  4 0.51700 3.765e-01
 [88,]  4 0.61040 2.848e-01
 [89,]  4 0.66380 2.154e-01
 [90,]  4 0.69440 1.630e-01
 [91,]  4 0.71190 1.233e-01
 [92,]  4 0.72190 9.326e-02
 [93,]  4 0.72770 7.055e-02
 [94,]  5 0.73100 5.337e-02
 [95,]  6 0.73360 4.037e-02
 [96,]  9 0.73770 3.054e-02
 [97,]  9 0.74180 2.310e-02
 [98,]  9 0.74410 1.748e-02
 [99,] 11 0.74570 1.322e-02
[100,] 12 0.74690 1.000e-02

$lambda.min
[1] 0.01

$lambda.1se
[1] 0.07054802

attr(,"class")
[1] "cv.glmnet"

Best Lambda
[1] 0.01

Lasso Test MSE
[1] 0.2716704

Lasso Official Coefficients for Completion Rates
15 x 1 sparse Matrix of class "dgCMatrix"
                         1
(Intercept)     .         
Total           0.02347521
White           .         
Black           0.05162345
Hispanic        .         
Asian           .         
AmericanIndian -0.02023878
NonResAlien    -0.02429274
EarningsAgg     .         
LowIncome      -0.22141370
Mid1Income     -0.02097339
FirstGen       -0.07587435
FedLoans       -0.04346321
CostAttendance  0.43585522
Avg_SAT         0.30189569
