Lasso Model
$lambda
  [1] 1.000000e+10 7.564633e+09 5.722368e+09 4.328761e+09 3.274549e+09 2.477076e+09 1.873817e+09
  [8] 1.417474e+09 1.072267e+09 8.111308e+08 6.135907e+08 4.641589e+08 3.511192e+08 2.656088e+08
 [15] 2.009233e+08 1.519911e+08 1.149757e+08 8.697490e+07 6.579332e+07 4.977024e+07 3.764936e+07
 [22] 2.848036e+07 2.154435e+07 1.629751e+07 1.232847e+07 9.326033e+06 7.054802e+06 5.336699e+06
 [29] 4.037017e+06 3.053856e+06 2.310130e+06 1.747528e+06 1.321941e+06 1.000000e+06 7.564633e+05
 [36] 5.722368e+05 4.328761e+05 3.274549e+05 2.477076e+05 1.873817e+05 1.417474e+05 1.072267e+05
 [43] 8.111308e+04 6.135907e+04 4.641589e+04 3.511192e+04 2.656088e+04 2.009233e+04 1.519911e+04
 [50] 1.149757e+04 8.697490e+03 6.579332e+03 4.977024e+03 3.764936e+03 2.848036e+03 2.154435e+03
 [57] 1.629751e+03 1.232847e+03 9.326033e+02 7.054802e+02 5.336699e+02 4.037017e+02 3.053856e+02
 [64] 2.310130e+02 1.747528e+02 1.321941e+02 1.000000e+02 7.564633e+01 5.722368e+01 4.328761e+01
 [71] 3.274549e+01 2.477076e+01 1.873817e+01 1.417474e+01 1.072267e+01 8.111308e+00 6.135907e+00
 [78] 4.641589e+00 3.511192e+00 2.656088e+00 2.009233e+00 1.519911e+00 1.149757e+00 8.697490e-01
 [85] 6.579332e-01 4.977024e-01 3.764936e-01 2.848036e-01 2.154435e-01 1.629751e-01 1.232847e-01
 [92] 9.326033e-02 7.054802e-02 5.336699e-02 4.037017e-02 3.053856e-02 2.310130e-02 1.747528e-02
 [99] 1.321941e-02 1.000000e-02

$cvm
  [1] 0.940922991 0.940922991 0.940922991 0.940922991 0.940922991 0.940922991 0.940922991 0.940922991
  [9] 0.940922991 0.940922991 0.940922991 0.940922991 0.940922991 0.940922991 0.940922991 0.940922991
 [17] 0.940922991 0.940922991 0.940922991 0.940922991 0.940922991 0.940922991 0.940922991 0.940922991
 [25] 0.940922991 0.940922991 0.940922991 0.940922991 0.940922991 0.940922991 0.940922991 0.940922991
 [33] 0.940922991 0.940922991 0.940922991 0.940922991 0.940922991 0.940922991 0.940922991 0.940922991
 [41] 0.940922991 0.940922991 0.940922991 0.940922991 0.940922991 0.940922991 0.940922991 0.940922991
 [49] 0.940922991 0.940922991 0.940922991 0.940922991 0.940922991 0.940922991 0.940922991 0.940922991
 [57] 0.940922991 0.940922991 0.940922991 0.940922991 0.940922991 0.940922991 0.940922991 0.940922991
 [65] 0.940922991 0.940922991 0.940922991 0.940922991 0.940922991 0.940922991 0.940922991 0.940922991
 [73] 0.940922991 0.940922991 0.940922991 0.940922991 0.940922991 0.940922991 0.940922991 0.940922991
 [81] 0.940922991 0.940922991 0.940922991 0.866551370 0.508903214 0.294649413 0.171783983 0.101547194
 [89] 0.061443322 0.038658535 0.024961248 0.016970824 0.012129387 0.008643636 0.006647967 0.005509671
 [97] 0.004852178 0.004485080 0.004270158 0.004143041

$cvsd
  [1] 0.0843029636 0.0843029636 0.0843029636 0.0843029636 0.0843029636 0.0843029636 0.0843029636
  [8] 0.0843029636 0.0843029636 0.0843029636 0.0843029636 0.0843029636 0.0843029636 0.0843029636
 [15] 0.0843029636 0.0843029636 0.0843029636 0.0843029636 0.0843029636 0.0843029636 0.0843029636
 [22] 0.0843029636 0.0843029636 0.0843029636 0.0843029636 0.0843029636 0.0843029636 0.0843029636
 [29] 0.0843029636 0.0843029636 0.0843029636 0.0843029636 0.0843029636 0.0843029636 0.0843029636
 [36] 0.0843029636 0.0843029636 0.0843029636 0.0843029636 0.0843029636 0.0843029636 0.0843029636
 [43] 0.0843029636 0.0843029636 0.0843029636 0.0843029636 0.0843029636 0.0843029636 0.0843029636
 [50] 0.0843029636 0.0843029636 0.0843029636 0.0843029636 0.0843029636 0.0843029636 0.0843029636
 [57] 0.0843029636 0.0843029636 0.0843029636 0.0843029636 0.0843029636 0.0843029636 0.0843029636
 [64] 0.0843029636 0.0843029636 0.0843029636 0.0843029636 0.0843029636 0.0843029636 0.0843029636
 [71] 0.0843029636 0.0843029636 0.0843029636 0.0843029636 0.0843029636 0.0843029636 0.0843029636
 [78] 0.0843029636 0.0843029636 0.0843029636 0.0843029636 0.0843029636 0.0843029636 0.0946402451
 [85] 0.0561151188 0.0313104899 0.0171050527 0.0091682514 0.0048064773 0.0025655789 0.0014888298
 [92] 0.0009839915 0.0007904605 0.0006516020 0.0005705490 0.0005258741 0.0004972012 0.0004866472
 [99] 0.0004766399 0.0004703254

$cvup
  [1] 1.025225955 1.025225955 1.025225955 1.025225955 1.025225955 1.025225955 1.025225955 1.025225955
  [9] 1.025225955 1.025225955 1.025225955 1.025225955 1.025225955 1.025225955 1.025225955 1.025225955
 [17] 1.025225955 1.025225955 1.025225955 1.025225955 1.025225955 1.025225955 1.025225955 1.025225955
 [25] 1.025225955 1.025225955 1.025225955 1.025225955 1.025225955 1.025225955 1.025225955 1.025225955
 [33] 1.025225955 1.025225955 1.025225955 1.025225955 1.025225955 1.025225955 1.025225955 1.025225955
 [41] 1.025225955 1.025225955 1.025225955 1.025225955 1.025225955 1.025225955 1.025225955 1.025225955
 [49] 1.025225955 1.025225955 1.025225955 1.025225955 1.025225955 1.025225955 1.025225955 1.025225955
 [57] 1.025225955 1.025225955 1.025225955 1.025225955 1.025225955 1.025225955 1.025225955 1.025225955
 [65] 1.025225955 1.025225955 1.025225955 1.025225955 1.025225955 1.025225955 1.025225955 1.025225955
 [73] 1.025225955 1.025225955 1.025225955 1.025225955 1.025225955 1.025225955 1.025225955 1.025225955
 [81] 1.025225955 1.025225955 1.025225955 0.961191615 0.565018333 0.325959903 0.188889036 0.110715446
 [89] 0.066249800 0.041224114 0.026450078 0.017954816 0.012919848 0.009295238 0.007218516 0.006035545
 [97] 0.005349379 0.004971727 0.004746798 0.004613366

$cvlo
  [1] 0.856620027 0.856620027 0.856620027 0.856620027 0.856620027 0.856620027 0.856620027 0.856620027
  [9] 0.856620027 0.856620027 0.856620027 0.856620027 0.856620027 0.856620027 0.856620027 0.856620027
 [17] 0.856620027 0.856620027 0.856620027 0.856620027 0.856620027 0.856620027 0.856620027 0.856620027
 [25] 0.856620027 0.856620027 0.856620027 0.856620027 0.856620027 0.856620027 0.856620027 0.856620027
 [33] 0.856620027 0.856620027 0.856620027 0.856620027 0.856620027 0.856620027 0.856620027 0.856620027
 [41] 0.856620027 0.856620027 0.856620027 0.856620027 0.856620027 0.856620027 0.856620027 0.856620027
 [49] 0.856620027 0.856620027 0.856620027 0.856620027 0.856620027 0.856620027 0.856620027 0.856620027
 [57] 0.856620027 0.856620027 0.856620027 0.856620027 0.856620027 0.856620027 0.856620027 0.856620027
 [65] 0.856620027 0.856620027 0.856620027 0.856620027 0.856620027 0.856620027 0.856620027 0.856620027
 [73] 0.856620027 0.856620027 0.856620027 0.856620027 0.856620027 0.856620027 0.856620027 0.856620027
 [81] 0.856620027 0.856620027 0.856620027 0.771911125 0.452788095 0.263338923 0.154678931 0.092378943
 [89] 0.056636845 0.036092956 0.023472419 0.015986833 0.011338927 0.007992034 0.006077418 0.004983796
 [97] 0.004354977 0.003998432 0.003793518 0.003672716

$nzero
 s0  s1  s2  s3  s4  s5  s6  s7  s8  s9 s10 s11 s12 s13 s14 s15 s16 s17 s18 s19 s20 s21 s22 s23 s24 
  0   0   0   0   0   0   0   0   0   0   0   0   0   0   0   0   0   0   0   0   0   0   0   0   0 
s25 s26 s27 s28 s29 s30 s31 s32 s33 s34 s35 s36 s37 s38 s39 s40 s41 s42 s43 s44 s45 s46 s47 s48 s49 
  0   0   0   0   0   0   0   0   0   0   0   0   0   0   0   0   0   0   0   0   0   0   0   0   0 
s50 s51 s52 s53 s54 s55 s56 s57 s58 s59 s60 s61 s62 s63 s64 s65 s66 s67 s68 s69 s70 s71 s72 s73 s74 
  0   0   0   0   0   0   0   0   0   0   0   0   0   0   0   0   0   0   0   0   0   0   0   0   0 
s75 s76 s77 s78 s79 s80 s81 s82 s83 s84 s85 s86 s87 s88 s89 s90 s91 s92 s93 s94 s95 s96 s97 s98 s99 
  0   0   0   0   0   0   0   0   2   3   3   3   3   3   4   4   4   6   7   7   7   7   8   8   9 

$name
                 mse 
"Mean-Squared Error" 

$glmnet.fit

Call:  glmnet(x = as.matrix(predictors[train_set, ]), y = response[train_set],      lambda = grid, intercept = FALSE, standardize = FALSE) 

       Df    %Dev    Lambda
  [1,]  0 0.00000 1.000e+10
  [2,]  0 0.00000 7.565e+09
  [3,]  0 0.00000 5.722e+09
  [4,]  0 0.00000 4.329e+09
  [5,]  0 0.00000 3.275e+09
  [6,]  0 0.00000 2.477e+09
  [7,]  0 0.00000 1.874e+09
  [8,]  0 0.00000 1.417e+09
  [9,]  0 0.00000 1.072e+09
 [10,]  0 0.00000 8.111e+08
 [11,]  0 0.00000 6.136e+08
 [12,]  0 0.00000 4.642e+08
 [13,]  0 0.00000 3.511e+08
 [14,]  0 0.00000 2.656e+08
 [15,]  0 0.00000 2.009e+08
 [16,]  0 0.00000 1.520e+08
 [17,]  0 0.00000 1.150e+08
 [18,]  0 0.00000 8.697e+07
 [19,]  0 0.00000 6.579e+07
 [20,]  0 0.00000 4.977e+07
 [21,]  0 0.00000 3.765e+07
 [22,]  0 0.00000 2.848e+07
 [23,]  0 0.00000 2.154e+07
 [24,]  0 0.00000 1.630e+07
 [25,]  0 0.00000 1.233e+07
 [26,]  0 0.00000 9.326e+06
 [27,]  0 0.00000 7.055e+06
 [28,]  0 0.00000 5.337e+06
 [29,]  0 0.00000 4.037e+06
 [30,]  0 0.00000 3.054e+06
 [31,]  0 0.00000 2.310e+06
 [32,]  0 0.00000 1.748e+06
 [33,]  0 0.00000 1.322e+06
 [34,]  0 0.00000 1.000e+06
 [35,]  0 0.00000 7.565e+05
 [36,]  0 0.00000 5.722e+05
 [37,]  0 0.00000 4.329e+05
 [38,]  0 0.00000 3.275e+05
 [39,]  0 0.00000 2.477e+05
 [40,]  0 0.00000 1.874e+05
 [41,]  0 0.00000 1.417e+05
 [42,]  0 0.00000 1.072e+05
 [43,]  0 0.00000 8.111e+04
 [44,]  0 0.00000 6.136e+04
 [45,]  0 0.00000 4.642e+04
 [46,]  0 0.00000 3.511e+04
 [47,]  0 0.00000 2.656e+04
 [48,]  0 0.00000 2.009e+04
 [49,]  0 0.00000 1.520e+04
 [50,]  0 0.00000 1.150e+04
 [51,]  0 0.00000 8.697e+03
 [52,]  0 0.00000 6.579e+03
 [53,]  0 0.00000 4.977e+03
 [54,]  0 0.00000 3.765e+03
 [55,]  0 0.00000 2.848e+03
 [56,]  0 0.00000 2.154e+03
 [57,]  0 0.00000 1.630e+03
 [58,]  0 0.00000 1.233e+03
 [59,]  0 0.00000 9.326e+02
 [60,]  0 0.00000 7.055e+02
 [61,]  0 0.00000 5.337e+02
 [62,]  0 0.00000 4.037e+02
 [63,]  0 0.00000 3.054e+02
 [64,]  0 0.00000 2.310e+02
 [65,]  0 0.00000 1.748e+02
 [66,]  0 0.00000 1.322e+02
 [67,]  0 0.00000 1.000e+02
 [68,]  0 0.00000 7.565e+01
 [69,]  0 0.00000 5.722e+01
 [70,]  0 0.00000 4.329e+01
 [71,]  0 0.00000 3.275e+01
 [72,]  0 0.00000 2.477e+01
 [73,]  0 0.00000 1.874e+01
 [74,]  0 0.00000 1.417e+01
 [75,]  0 0.00000 1.072e+01
 [76,]  0 0.00000 8.111e+00
 [77,]  0 0.00000 6.136e+00
 [78,]  0 0.00000 4.642e+00
 [79,]  0 0.00000 3.511e+00
 [80,]  0 0.00000 2.656e+00
 [81,]  0 0.00000 2.009e+00
 [82,]  0 0.00000 1.520e+00
 [83,]  0 0.00000 1.150e+00
 [84,]  2 0.09407 8.697e-01
 [85,]  3 0.47570 6.579e-01
 [86,]  3 0.69650 4.977e-01
 [87,]  3 0.82280 3.765e-01
 [88,]  3 0.89510 2.848e-01
 [89,]  3 0.93650 2.154e-01
 [90,]  4 0.96030 1.630e-01
 [91,]  4 0.97460 1.233e-01
 [92,]  4 0.98280 9.326e-02
 [93,]  6 0.98780 7.055e-02
 [94,]  7 0.99140 5.337e-02
 [95,]  7 0.99350 4.037e-02
 [96,]  7 0.99470 3.054e-02
 [97,]  7 0.99530 2.310e-02
 [98,]  8 0.99570 1.748e-02
 [99,]  8 0.99590 1.322e-02
[100,]  9 0.99610 1.000e-02

$lambda.min
[1] 0.01

$lambda.1se
[1] 0.01747528

attr(,"class")
[1] "cv.glmnet"

Best Lambda
[1] 0.01

Lasso Test MSE
[1] 0.005408015
