Ridge Model
$lambda
  [1] 1.000000e+10 7.564633e+09 5.722368e+09 4.328761e+09 3.274549e+09 2.477076e+09 1.873817e+09
  [8] 1.417474e+09 1.072267e+09 8.111308e+08 6.135907e+08 4.641589e+08 3.511192e+08 2.656088e+08
 [15] 2.009233e+08 1.519911e+08 1.149757e+08 8.697490e+07 6.579332e+07 4.977024e+07 3.764936e+07
 [22] 2.848036e+07 2.154435e+07 1.629751e+07 1.232847e+07 9.326033e+06 7.054802e+06 5.336699e+06
 [29] 4.037017e+06 3.053856e+06 2.310130e+06 1.747528e+06 1.321941e+06 1.000000e+06 7.564633e+05
 [36] 5.722368e+05 4.328761e+05 3.274549e+05 2.477076e+05 1.873817e+05 1.417474e+05 1.072267e+05
 [43] 8.111308e+04 6.135907e+04 4.641589e+04 3.511192e+04 2.656088e+04 2.009233e+04 1.519911e+04
 [50] 1.149757e+04 8.697490e+03 6.579332e+03 4.977024e+03 3.764936e+03 2.848036e+03 2.154435e+03
 [57] 1.629751e+03 1.232847e+03 9.326033e+02 7.054802e+02 5.336699e+02 4.037017e+02 3.053856e+02
 [64] 2.310130e+02 1.747528e+02 1.321941e+02 1.000000e+02 7.564633e+01 5.722368e+01 4.328761e+01
 [71] 3.274549e+01 2.477076e+01 1.873817e+01 1.417474e+01 1.072267e+01 8.111308e+00 6.135907e+00
 [78] 4.641589e+00 3.511192e+00 2.656088e+00 2.009233e+00 1.519911e+00 1.149757e+00 8.697490e-01
 [85] 6.579332e-01 4.977024e-01 3.764936e-01 2.848036e-01 2.154435e-01 1.629751e-01 1.232847e-01
 [92] 9.326033e-02 7.054802e-02 5.336699e-02 4.037017e-02 3.053856e-02 2.310130e-02 1.747528e-02
 [99] 1.321941e-02 1.000000e-02

$cvm
  [1] 1.0005109 1.0005109 1.0005109 1.0005109 1.0005109 1.0005109 1.0005109 1.0005109 1.0005109
 [10] 1.0005109 1.0005109 1.0005109 1.0005109 1.0005109 1.0005109 1.0005109 1.0005109 1.0005108
 [19] 1.0005108 1.0005108 1.0005107 1.0005107 1.0005106 1.0005105 1.0005103 1.0005101 1.0005099
 [28] 1.0005095 1.0005090 1.0005084 1.0005076 1.0005066 1.0005052 1.0005033 1.0005009 1.0004976
 [37] 1.0004934 1.0004877 1.0004802 1.0004703 1.0004573 1.0004400 1.0004171 1.0003869 1.0003470
 [46] 1.0002943 1.0002245 1.0001324 1.0000106 0.9998496 0.9996369 0.9993559 0.9989847 0.9984946
 [55] 0.9978474 0.9969935 0.9958673 0.9943832 0.9924292 0.9898601 0.9864961 0.9821011 0.9763561
 [64] 0.9688923 0.9592479 0.9468728 0.9311371 0.9113584 0.8868603 0.8570694 0.8216547 0.7806884
 [73] 0.7348044 0.6852711 0.6339276 0.5829416 0.5344219 0.4900716 0.4509327 0.4173297 0.3890450
 [82] 0.3655264 0.3460896 0.3300686 0.3169592 0.3063450 0.2978922 0.2912982 0.2862904 0.2826319
 [91] 0.2800529 0.2783074 0.2771869 0.2765066 0.2761293 0.2759486 0.2758897 0.2758980 0.2759399
[100] 0.2759943

$cvsd
  [1] 0.04471885 0.04471885 0.04471885 0.04471885 0.04471885 0.04471885 0.04471885 0.04471885
  [9] 0.04471885 0.04471885 0.04471885 0.04471885 0.04471885 0.04471885 0.04471884 0.04471884
 [17] 0.04471884 0.04471884 0.04471884 0.04471884 0.04471884 0.04471883 0.04471883 0.04471883
 [25] 0.04471882 0.04471881 0.04471880 0.04471879 0.04471877 0.04471874 0.04471871 0.04471866
 [33] 0.04471860 0.04471852 0.04471842 0.04471828 0.04471810 0.04471786 0.04471754 0.04471712
 [41] 0.04471656 0.04471583 0.04471486 0.04471357 0.04471187 0.04470963 0.04470666 0.04470274
 [49] 0.04469756 0.04469071 0.04468166 0.04466970 0.04465391 0.04463304 0.04460550 0.04456914
 [57] 0.04452117 0.04445793 0.04437463 0.04426504 0.04411952 0.04393333 0.04368724 0.04336685
 [65] 0.04295174 0.04241728 0.04173480 0.04087256 0.03979808 0.03848253 0.03690753 0.03507416
 [73] 0.03301320 0.03079310 0.02852070 0.02633271 0.02436706 0.02273526 0.02149196 0.02062437
 [81] 0.02006975 0.01974150 0.01955555 0.01944447 0.01937035 0.01930806 0.01925430 0.01920468
 [89] 0.01916859 0.01914518 0.01914145 0.01915520 0.01918150 0.01922015 0.01926205 0.01930373
 [97] 0.01933935 0.01936720 0.01938470 0.01939123

$cvup
  [1] 1.0452298 1.0452298 1.0452298 1.0452298 1.0452298 1.0452298 1.0452298 1.0452298 1.0452298
 [10] 1.0452298 1.0452298 1.0452298 1.0452298 1.0452298 1.0452297 1.0452297 1.0452297 1.0452297
 [19] 1.0452297 1.0452296 1.0452296 1.0452295 1.0452294 1.0452293 1.0452291 1.0452289 1.0452287
 [28] 1.0452283 1.0452278 1.0452272 1.0452263 1.0452252 1.0452238 1.0452218 1.0452193 1.0452159
 [37] 1.0452115 1.0452056 1.0451978 1.0451874 1.0451738 1.0451558 1.0451320 1.0451005 1.0450589
 [46] 1.0450039 1.0449312 1.0448351 1.0447081 1.0445403 1.0443186 1.0440256 1.0436386 1.0431276
 [55] 1.0424529 1.0415627 1.0403885 1.0388411 1.0368038 1.0341252 1.0306156 1.0260345 1.0200433
 [64] 1.0122592 1.0021996 0.9892901 0.9728719 0.9522310 0.9266584 0.8955519 0.8585622 0.8157626
 [73] 0.7678176 0.7160642 0.6624483 0.6092743 0.5587890 0.5128068 0.4724246 0.4379541 0.4091147
 [82] 0.3852679 0.3656452 0.3495131 0.3363296 0.3256530 0.3171465 0.3105029 0.3054590 0.3017771
 [91] 0.2991943 0.2974626 0.2963684 0.2957268 0.2953914 0.2952523 0.2952290 0.2952652 0.2953246
[100] 0.2953855

$cvlo
  [1] 0.9557921 0.9557921 0.9557921 0.9557921 0.9557921 0.9557921 0.9557921 0.9557921 0.9557921
 [10] 0.9557921 0.9557921 0.9557921 0.9557921 0.9557921 0.9557921 0.9557920 0.9557920 0.9557920
 [19] 0.9557920 0.9557919 0.9557919 0.9557918 0.9557917 0.9557916 0.9557915 0.9557913 0.9557911
 [28] 0.9557907 0.9557903 0.9557897 0.9557889 0.9557879 0.9557866 0.9557848 0.9557825 0.9557794
 [37] 0.9557753 0.9557698 0.9557627 0.9557532 0.9557407 0.9557241 0.9557023 0.9556734 0.9556351
 [46] 0.9555846 0.9555179 0.9554296 0.9553130 0.9551589 0.9549553 0.9546862 0.9543308 0.9538615
 [55] 0.9532420 0.9524244 0.9513462 0.9499252 0.9480546 0.9455951 0.9423766 0.9381678 0.9326689
 [64] 0.9255255 0.9162961 0.9044555 0.8894023 0.8704858 0.8470623 0.8185869 0.7847472 0.7456143
 [73] 0.7017912 0.6544780 0.6054069 0.5566089 0.5100549 0.4673363 0.4294407 0.3967054 0.3689752
 [82] 0.3457849 0.3265341 0.3106241 0.2975889 0.2870369 0.2786379 0.2720935 0.2671219 0.2634867
 [91] 0.2609114 0.2591522 0.2580054 0.2572865 0.2568673 0.2566448 0.2565503 0.2565309 0.2565552
[100] 0.2566031

$nzero
 s0  s1  s2  s3  s4  s5  s6  s7  s8  s9 s10 s11 s12 s13 s14 s15 s16 s17 s18 s19 s20 s21 s22 s23 s24 
 20  20  20  20  20  20  20  20  20  20  20  20  20  20  20  20  20  20  20  20  20  20  20  20  20 
s25 s26 s27 s28 s29 s30 s31 s32 s33 s34 s35 s36 s37 s38 s39 s40 s41 s42 s43 s44 s45 s46 s47 s48 s49 
 20  20  20  20  20  20  20  20  20  20  20  20  20  20  20  20  20  20  20  20  20  20  20  20  20 
s50 s51 s52 s53 s54 s55 s56 s57 s58 s59 s60 s61 s62 s63 s64 s65 s66 s67 s68 s69 s70 s71 s72 s73 s74 
 20  20  20  20  20  20  20  20  20  20  20  20  20  20  20  20  20  20  20  20  20  20  20  20  20 
s75 s76 s77 s78 s79 s80 s81 s82 s83 s84 s85 s86 s87 s88 s89 s90 s91 s92 s93 s94 s95 s96 s97 s98 s99 
 20  20  20  20  20  20  20  20  20  20  20  20  20  20  20  20  20  20  20  20  20  20  20  20  20 

$name
                 mse 
"Mean-Squared Error" 

$glmnet.fit

Call:  glmnet(x = as.matrix(predictors[train_set, ]), y = response[train_set],      lambda = grid, intercept = FALSE, standardize = FALSE, alpha = 0) 

       Df      %Dev    Lambda
  [1,] 20 7.668e-10 1.000e+10
  [2,] 20 1.014e-09 7.565e+09
  [3,] 20 1.340e-09 5.722e+09
  [4,] 20 1.771e-09 4.329e+09
  [5,] 20 2.342e-09 3.275e+09
  [6,] 20 3.095e-09 2.477e+09
  [7,] 20 4.092e-09 1.874e+09
  [8,] 20 5.409e-09 1.417e+09
  [9,] 20 7.151e-09 1.072e+09
 [10,] 20 9.453e-09 8.111e+08
 [11,] 20 1.250e-08 6.136e+08
 [12,] 20 1.652e-08 4.642e+08
 [13,] 20 2.184e-08 3.511e+08
 [14,] 20 2.887e-08 2.656e+08
 [15,] 20 3.816e-08 2.009e+08
 [16,] 20 5.045e-08 1.520e+08
 [17,] 20 6.669e-08 1.150e+08
 [18,] 20 8.816e-08 8.697e+07
 [19,] 20 1.165e-07 6.579e+07
 [20,] 20 1.541e-07 4.977e+07
 [21,] 20 2.037e-07 3.765e+07
 [22,] 20 2.692e-07 2.848e+07
 [23,] 20 3.559e-07 2.154e+07
 [24,] 20 4.705e-07 1.630e+07
 [25,] 20 6.219e-07 1.233e+07
 [26,] 20 8.222e-07 9.326e+06
 [27,] 20 1.087e-06 7.055e+06
 [28,] 20 1.437e-06 5.337e+06
 [29,] 20 1.899e-06 4.037e+06
 [30,] 20 2.511e-06 3.054e+06
 [31,] 20 3.319e-06 2.310e+06
 [32,] 20 4.388e-06 1.748e+06
 [33,] 20 5.800e-06 1.322e+06
 [34,] 20 7.667e-06 1.000e+06
 [35,] 20 1.014e-05 7.565e+05
 [36,] 20 1.340e-05 5.722e+05
 [37,] 20 1.771e-05 4.329e+05
 [38,] 20 2.341e-05 3.275e+05
 [39,] 20 3.095e-05 2.477e+05
 [40,] 20 4.092e-05 1.874e+05
 [41,] 20 5.409e-05 1.417e+05
 [42,] 20 7.150e-05 1.072e+05
 [43,] 20 9.452e-05 8.111e+04
 [44,] 20 1.249e-04 6.136e+04
 [45,] 20 1.652e-04 4.642e+04
 [46,] 20 2.183e-04 3.511e+04
 [47,] 20 2.886e-04 2.656e+04
 [48,] 20 3.814e-04 2.009e+04
 [49,] 20 5.042e-04 1.520e+04
 [50,] 20 6.664e-04 1.150e+04
 [51,] 20 8.807e-04 8.697e+03
 [52,] 20 1.164e-03 6.579e+03
 [53,] 20 1.538e-03 4.977e+03
 [54,] 20 2.032e-03 3.765e+03
 [55,] 20 2.684e-03 2.848e+03
 [56,] 20 3.544e-03 2.154e+03
 [57,] 20 4.679e-03 1.630e+03
 [58,] 20 6.174e-03 1.233e+03
 [59,] 20 8.143e-03 9.326e+02
 [60,] 20 1.073e-02 7.055e+02
 [61,] 20 1.411e-02 5.337e+02
 [62,] 20 1.855e-02 4.037e+02
 [63,] 20 2.434e-02 3.054e+02
 [64,] 20 3.185e-02 2.310e+02
 [65,] 20 4.157e-02 1.748e+02
 [66,] 20 5.403e-02 1.322e+02
 [67,] 20 6.988e-02 1.000e+02
 [68,] 20 8.979e-02 7.565e+01
 [69,] 20 1.144e-01 5.722e+01
 [70,] 20 1.444e-01 4.329e+01
 [71,] 20 1.800e-01 3.275e+01
 [72,] 20 2.212e-01 2.477e+01
 [73,] 20 2.673e-01 1.874e+01
 [74,] 20 3.171e-01 1.417e+01
 [75,] 20 3.686e-01 1.072e+01
 [76,] 20 4.197e-01 8.111e+00
 [77,] 20 4.684e-01 6.136e+00
 [78,] 20 5.128e-01 4.642e+00
 [79,] 20 5.520e-01 3.511e+00
 [80,] 20 5.857e-01 2.656e+00
 [81,] 20 6.142e-01 2.009e+00
 [82,] 20 6.379e-01 1.520e+00
 [83,] 20 6.576e-01 1.150e+00
 [84,] 20 6.740e-01 8.697e-01
 [85,] 20 6.876e-01 6.579e-01
 [86,] 20 6.987e-01 4.977e-01
 [87,] 20 7.077e-01 3.765e-01
 [88,] 20 7.148e-01 2.848e-01
 [89,] 20 7.204e-01 2.154e-01
 [90,] 20 7.246e-01 1.630e-01
 [91,] 20 7.277e-01 1.233e-01
 [92,] 20 7.300e-01 9.326e-02
 [93,] 20 7.315e-01 7.055e-02
 [94,] 20 7.326e-01 5.337e-02
 [95,] 20 7.333e-01 4.037e-02
 [96,] 20 7.338e-01 3.054e-02
 [97,] 20 7.342e-01 2.310e-02
 [98,] 20 7.344e-01 1.748e-02
 [99,] 20 7.346e-01 1.322e-02
[100,] 20 7.347e-01 1.000e-02

$lambda.min
[1] 0.0231013

$lambda.1se
[1] 0.2848036

attr(,"class")
[1] "cv.glmnet"

Best Lambda
[1] 0.0231013

Ridge Test MSE
[1] 0.2823893
