Ridge Model
$lambda
  [1] 1.000000e+10 7.564633e+09 5.722368e+09 4.328761e+09 3.274549e+09 2.477076e+09 1.873817e+09
  [8] 1.417474e+09 1.072267e+09 8.111308e+08 6.135907e+08 4.641589e+08 3.511192e+08 2.656088e+08
 [15] 2.009233e+08 1.519911e+08 1.149757e+08 8.697490e+07 6.579332e+07 4.977024e+07 3.764936e+07
 [22] 2.848036e+07 2.154435e+07 1.629751e+07 1.232847e+07 9.326033e+06 7.054802e+06 5.336699e+06
 [29] 4.037017e+06 3.053856e+06 2.310130e+06 1.747528e+06 1.321941e+06 1.000000e+06 7.564633e+05
 [36] 5.722368e+05 4.328761e+05 3.274549e+05 2.477076e+05 1.873817e+05 1.417474e+05 1.072267e+05
 [43] 8.111308e+04 6.135907e+04 4.641589e+04 3.511192e+04 2.656088e+04 2.009233e+04 1.519911e+04
 [50] 1.149757e+04 8.697490e+03 6.579332e+03 4.977024e+03 3.764936e+03 2.848036e+03 2.154435e+03
 [57] 1.629751e+03 1.232847e+03 9.326033e+02 7.054802e+02 5.336699e+02 4.037017e+02 3.053856e+02
 [64] 2.310130e+02 1.747528e+02 1.321941e+02 1.000000e+02 7.564633e+01 5.722368e+01 4.328761e+01
 [71] 3.274549e+01 2.477076e+01 1.873817e+01 1.417474e+01 1.072267e+01 8.111308e+00 6.135907e+00
 [78] 4.641589e+00 3.511192e+00 2.656088e+00 2.009233e+00 1.519911e+00 1.149757e+00 8.697490e-01
 [85] 6.579332e-01 4.977024e-01 3.764936e-01 2.848036e-01 2.154435e-01 1.629751e-01 1.232847e-01
 [92] 9.326033e-02 7.054802e-02 5.336699e-02 4.037017e-02 3.053856e-02 2.310130e-02 1.747528e-02
 [99] 1.321941e-02 1.000000e-02

$cvm
  [1] 0.9902704 0.9902704 0.9902704 0.9902704 0.9902704 0.9902704 0.9902704 0.9902704 0.9902704
 [10] 0.9902704 0.9902704 0.9902704 0.9902704 0.9902704 0.9902704 0.9902704 0.9902704 0.9902704
 [19] 0.9902704 0.9902704 0.9902704 0.9902703 0.9902703 0.9902703 0.9902702 0.9902701 0.9902701
 [28] 0.9902699 0.9902698 0.9902696 0.9902693 0.9902689 0.9902684 0.9902677 0.9902669 0.9902657
 [37] 0.9902642 0.9902622 0.9902595 0.9902560 0.9902514 0.9902452 0.9902371 0.9902264 0.9902122
 [46] 0.9901934 0.9901686 0.9901358 0.9900925 0.9900353 0.9899596 0.9898596 0.9897274 0.9895528
 [55] 0.9893222 0.9890175 0.9886153 0.9880844 0.9873840 0.9864607 0.9852446 0.9836491 0.9815506
 [64] 0.9788010 0.9752083 0.9705309 0.9644707 0.9566673 0.9467000 0.9340997 0.9183797 0.8990911
 [73] 0.8759087 0.8487421 0.8178562 0.7839597 0.7482153 0.7121305 0.6773308 0.6452866 0.6170792
 [82] 0.5932941 0.5740493 0.5591026 0.5480018 0.5401815 0.5350529 0.5320538 0.5306611 0.5304389
 [91] 0.5309978 0.5320392 0.5333205 0.5346853 0.5359987 0.5371886 0.5382289 0.5391163 0.5398354
[100] 0.5404197

$cvsd
  [1] 0.03032928 0.03032928 0.03032928 0.03032928 0.03032928 0.03032928 0.03032928 0.03032928
  [9] 0.03032928 0.03032928 0.03032928 0.03032928 0.03032928 0.03032928 0.03032928 0.03032928
 [17] 0.03032928 0.03032928 0.03032928 0.03032928 0.03032928 0.03032928 0.03032928 0.03032928
 [25] 0.03032927 0.03032927 0.03032927 0.03032926 0.03032926 0.03032925 0.03032924 0.03032923
 [33] 0.03032921 0.03032919 0.03032916 0.03032913 0.03032908 0.03032901 0.03032892 0.03032881
 [41] 0.03032865 0.03032845 0.03032818 0.03032783 0.03032736 0.03032674 0.03032593 0.03032485
 [49] 0.03032342 0.03032153 0.03031904 0.03031575 0.03031140 0.03030565 0.03029805 0.03028802
 [57] 0.03027479 0.03025732 0.03023428 0.03020393 0.03016398 0.03011161 0.03004283 0.02995284
 [65] 0.02983553 0.02968326 0.02948682 0.02923535 0.02891682 0.02851894 0.02803110 0.02744778
 [73] 0.02677350 0.02602946 0.02526018 0.02453708 0.02395373 0.02360815 0.02357417 0.02387469
 [81] 0.02447364 0.02529195 0.02623605 0.02722171 0.02818504 0.02908412 0.02989508 0.03060702
 [89] 0.03122131 0.03174566 0.03219639 0.03258849 0.03293647 0.03325151 0.03353336 0.03378164
 [97] 0.03399945 0.03418509 0.03433998 0.03446844

$cvup
  [1] 1.0205997 1.0205997 1.0205997 1.0205997 1.0205997 1.0205997 1.0205997 1.0205997 1.0205997
 [10] 1.0205997 1.0205997 1.0205997 1.0205997 1.0205997 1.0205997 1.0205997 1.0205997 1.0205997
 [19] 1.0205997 1.0205997 1.0205996 1.0205996 1.0205996 1.0205995 1.0205995 1.0205994 1.0205993
 [28] 1.0205992 1.0205990 1.0205988 1.0205985 1.0205981 1.0205976 1.0205969 1.0205960 1.0205948
 [37] 1.0205933 1.0205912 1.0205884 1.0205848 1.0205800 1.0205737 1.0205653 1.0205542 1.0205395
 [46] 1.0205202 1.0204945 1.0204607 1.0204159 1.0203568 1.0202786 1.0201753 1.0200388 1.0198585
 [55] 1.0196202 1.0193055 1.0188900 1.0183417 1.0176183 1.0166646 1.0154086 1.0137607 1.0115935
 [64] 1.0087539 1.0050438 1.0002142 0.9939575 0.9859027 0.9756168 0.9626186 0.9464108 0.9265389
 [73] 0.9026822 0.8747716 0.8431163 0.8084968 0.7721691 0.7357387 0.7009050 0.6691613 0.6415528
 [82] 0.6185861 0.6002854 0.5863243 0.5761869 0.5692656 0.5649480 0.5626608 0.5618824 0.5621846
 [91] 0.5631942 0.5646277 0.5662570 0.5679368 0.5695321 0.5709702 0.5722283 0.5733014 0.5741754
[100] 0.5748881

$cvlo
  [1] 0.9599412 0.9599412 0.9599412 0.9599412 0.9599412 0.9599412 0.9599412 0.9599412 0.9599412
 [10] 0.9599412 0.9599412 0.9599412 0.9599412 0.9599411 0.9599411 0.9599411 0.9599411 0.9599411
 [19] 0.9599411 0.9599411 0.9599411 0.9599411 0.9599410 0.9599410 0.9599409 0.9599409 0.9599408
 [28] 0.9599407 0.9599405 0.9599403 0.9599400 0.9599397 0.9599392 0.9599385 0.9599377 0.9599366
 [37] 0.9599351 0.9599332 0.9599306 0.9599272 0.9599227 0.9599168 0.9599089 0.9598985 0.9598848
 [46] 0.9598667 0.9598427 0.9598110 0.9597691 0.9597137 0.9596405 0.9595438 0.9594160 0.9592472
 [55] 0.9590241 0.9587295 0.9583405 0.9578270 0.9571497 0.9562568 0.9550806 0.9535374 0.9515078
 [64] 0.9488482 0.9453728 0.9408477 0.9349839 0.9274319 0.9177831 0.9055808 0.8903486 0.8716434
 [73] 0.8491352 0.8227127 0.7925960 0.7594226 0.7242616 0.6885224 0.6537567 0.6214120 0.5926055
 [82] 0.5680022 0.5478133 0.5318809 0.5198168 0.5110974 0.5051578 0.5014468 0.4994398 0.4986933
 [91] 0.4988014 0.4994507 0.5003840 0.5014338 0.5024654 0.5034070 0.5042294 0.5049312 0.5054954
[100] 0.5059512

$nzero
 s0  s1  s2  s3  s4  s5  s6  s7  s8  s9 s10 s11 s12 s13 s14 s15 s16 s17 s18 s19 s20 s21 s22 s23 s24 
 15  15  15  15  15  15  15  15  15  15  15  15  15  15  15  15  15  15  15  15  15  15  15  15  15 
s25 s26 s27 s28 s29 s30 s31 s32 s33 s34 s35 s36 s37 s38 s39 s40 s41 s42 s43 s44 s45 s46 s47 s48 s49 
 15  15  15  15  15  15  15  15  15  15  15  15  15  15  15  15  15  15  15  15  15  15  15  15  15 
s50 s51 s52 s53 s54 s55 s56 s57 s58 s59 s60 s61 s62 s63 s64 s65 s66 s67 s68 s69 s70 s71 s72 s73 s74 
 15  15  15  15  15  15  15  15  15  15  15  15  15  15  15  15  15  15  15  15  15  15  15  15  15 
s75 s76 s77 s78 s79 s80 s81 s82 s83 s84 s85 s86 s87 s88 s89 s90 s91 s92 s93 s94 s95 s96 s97 s98 s99 
 15  15  15  15  15  15  15  15  15  15  15  15  15  15  15  15  15  15  15  15  15  15  15  15  15 

$name
                 mse 
"Mean-Squared Error" 

$glmnet.fit

Call:  glmnet(x = as.matrix(predictors[train_set, ]), y = response[train_set],      lambda = grid, intercept = FALSE, standardize = FALSE, alpha = 0) 

       Df      %Dev    Lambda
  [1,] 15 2.771e-10 1.000e+10
  [2,] 15 3.663e-10 7.565e+09
  [3,] 15 4.843e-10 5.722e+09
  [4,] 15 6.402e-10 4.329e+09
  [5,] 15 8.463e-10 3.275e+09
  [6,] 15 1.119e-09 2.477e+09
  [7,] 15 1.479e-09 1.874e+09
  [8,] 15 1.955e-09 1.417e+09
  [9,] 15 2.585e-09 1.072e+09
 [10,] 15 3.417e-09 8.111e+08
 [11,] 15 4.517e-09 6.136e+08
 [12,] 15 5.971e-09 4.642e+08
 [13,] 15 7.893e-09 3.511e+08
 [14,] 15 1.043e-08 2.656e+08
 [15,] 15 1.379e-08 2.009e+08
 [16,] 15 1.823e-08 1.520e+08
 [17,] 15 2.410e-08 1.150e+08
 [18,] 15 3.186e-08 8.697e+07
 [19,] 15 4.212e-08 6.579e+07
 [20,] 15 5.568e-08 4.977e+07
 [21,] 15 7.361e-08 3.765e+07
 [22,] 15 9.731e-08 2.848e+07
 [23,] 15 1.286e-07 2.154e+07
 [24,] 15 1.700e-07 1.630e+07
 [25,] 15 2.248e-07 1.233e+07
 [26,] 15 2.972e-07 9.326e+06
 [27,] 15 3.928e-07 7.055e+06
 [28,] 15 5.193e-07 5.337e+06
 [29,] 15 6.865e-07 4.037e+06
 [30,] 15 9.075e-07 3.054e+06
 [31,] 15 1.200e-06 2.310e+06
 [32,] 15 1.586e-06 1.748e+06
 [33,] 15 2.096e-06 1.322e+06
 [34,] 15 2.771e-06 1.000e+06
 [35,] 15 3.663e-06 7.565e+05
 [36,] 15 4.843e-06 5.722e+05
 [37,] 15 6.402e-06 4.329e+05
 [38,] 15 8.463e-06 3.275e+05
 [39,] 15 1.119e-05 2.477e+05
 [40,] 15 1.479e-05 1.874e+05
 [41,] 15 1.955e-05 1.417e+05
 [42,] 15 2.584e-05 1.072e+05
 [43,] 15 3.416e-05 8.111e+04
 [44,] 15 4.516e-05 6.136e+04
 [45,] 15 5.970e-05 4.642e+04
 [46,] 15 7.892e-05 3.511e+04
 [47,] 15 1.043e-04 2.656e+04
 [48,] 15 1.379e-04 2.009e+04
 [49,] 15 1.823e-04 1.520e+04
 [50,] 15 2.409e-04 1.150e+04
 [51,] 15 3.185e-04 8.697e+03
 [52,] 15 4.209e-04 6.579e+03
 [53,] 15 5.563e-04 4.977e+03
 [54,] 15 7.352e-04 3.765e+03
 [55,] 15 9.715e-04 2.848e+03
 [56,] 15 1.284e-03 2.154e+03
 [57,] 15 1.696e-03 1.630e+03
 [58,] 15 2.240e-03 1.233e+03
 [59,] 15 2.957e-03 9.326e+02
 [60,] 15 3.903e-03 7.055e+02
 [61,] 15 5.149e-03 5.337e+02
 [62,] 15 6.783e-03 4.037e+02
 [63,] 15 8.933e-03 3.054e+02
 [64,] 15 1.175e-02 2.310e+02
 [65,] 15 1.543e-02 1.748e+02
 [66,] 15 2.022e-02 1.322e+02
 [67,] 15 2.643e-02 1.000e+02
 [68,] 15 3.443e-02 7.565e+01
 [69,] 15 4.464e-02 5.722e+01
 [70,] 15 5.755e-02 4.329e+01
 [71,] 15 7.366e-02 3.275e+01
 [72,] 15 9.343e-02 2.477e+01
 [73,] 15 1.172e-01 1.874e+01
 [74,] 15 1.450e-01 1.417e+01
 [75,] 15 1.767e-01 1.072e+01
 [76,] 15 2.115e-01 8.111e+00
 [77,] 15 2.483e-01 6.136e+00
 [78,] 15 2.854e-01 4.642e+00
 [79,] 15 3.213e-01 3.511e+00
 [80,] 15 3.545e-01 2.656e+00
 [81,] 15 3.839e-01 2.009e+00
 [82,] 15 4.090e-01 1.520e+00
 [83,] 15 4.296e-01 1.150e+00
 [84,] 15 4.460e-01 8.697e-01
 [85,] 15 4.586e-01 6.579e-01
 [86,] 15 4.681e-01 4.977e-01
 [87,] 15 4.751e-01 3.765e-01
 [88,] 15 4.800e-01 2.848e-01
 [89,] 15 4.834e-01 2.154e-01
 [90,] 15 4.857e-01 1.630e-01
 [91,] 15 4.871e-01 1.233e-01
 [92,] 15 4.881e-01 9.326e-02
 [93,] 15 4.887e-01 7.055e-02
 [94,] 15 4.891e-01 5.337e-02
 [95,] 15 4.893e-01 4.037e-02
 [96,] 15 4.894e-01 3.054e-02
 [97,] 15 4.895e-01 2.310e-02
 [98,] 15 4.895e-01 1.748e-02
 [99,] 15 4.896e-01 1.322e-02
[100,] 15 4.896e-01 1.000e-02

$lambda.min
[1] 0.1629751

$lambda.1se
[1] 0.869749

attr(,"class")
[1] "cv.glmnet"

Best Lambda
[1] 0.1629751

Ridge Test MSE
[1] 0.4898001

Ridge Official Coefficients for Completion Rates
16 x 1 sparse Matrix of class "dgCMatrix"
                        1
(Intercept)   .          
Total        -0.062368192
White         0.013746236
Black        -0.031677441
Hispanic      0.009631110
Asian         0.086368362
Aian         -0.050706006
Pac.Islander -0.022923407
Mixed         0.006023959
NonResAlien   0.029652160
Unknown      -0.033018995
EarningsAgg   0.117193189
LowIncome    -0.226599782
Mid1Income   -0.162109511
FirstGen     -0.278947782
FedLoans      0.024908274
