Ridge Model
$lambda
  [1] 1.000000e+10 7.564633e+09 5.722368e+09 4.328761e+09 3.274549e+09 2.477076e+09 1.873817e+09
  [8] 1.417474e+09 1.072267e+09 8.111308e+08 6.135907e+08 4.641589e+08 3.511192e+08 2.656088e+08
 [15] 2.009233e+08 1.519911e+08 1.149757e+08 8.697490e+07 6.579332e+07 4.977024e+07 3.764936e+07
 [22] 2.848036e+07 2.154435e+07 1.629751e+07 1.232847e+07 9.326033e+06 7.054802e+06 5.336699e+06
 [29] 4.037017e+06 3.053856e+06 2.310130e+06 1.747528e+06 1.321941e+06 1.000000e+06 7.564633e+05
 [36] 5.722368e+05 4.328761e+05 3.274549e+05 2.477076e+05 1.873817e+05 1.417474e+05 1.072267e+05
 [43] 8.111308e+04 6.135907e+04 4.641589e+04 3.511192e+04 2.656088e+04 2.009233e+04 1.519911e+04
 [50] 1.149757e+04 8.697490e+03 6.579332e+03 4.977024e+03 3.764936e+03 2.848036e+03 2.154435e+03
 [57] 1.629751e+03 1.232847e+03 9.326033e+02 7.054802e+02 5.336699e+02 4.037017e+02 3.053856e+02
 [64] 2.310130e+02 1.747528e+02 1.321941e+02 1.000000e+02 7.564633e+01 5.722368e+01 4.328761e+01
 [71] 3.274549e+01 2.477076e+01 1.873817e+01 1.417474e+01 1.072267e+01 8.111308e+00 6.135907e+00
 [78] 4.641589e+00 3.511192e+00 2.656088e+00 2.009233e+00 1.519911e+00 1.149757e+00 8.697490e-01
 [85] 6.579332e-01 4.977024e-01 3.764936e-01 2.848036e-01 2.154435e-01 1.629751e-01 1.232847e-01
 [92] 9.326033e-02 7.054802e-02 5.336699e-02 4.037017e-02 3.053856e-02 2.310130e-02 1.747528e-02
 [99] 1.321941e-02 1.000000e-02

$cvm
  [1] 0.940922990 0.940922990 0.940922989 0.940922989 0.940922988 0.940922987 0.940922986 0.940922984
  [9] 0.940922982 0.940922979 0.940922975 0.940922969 0.940922962 0.940922953 0.940922941 0.940922925
 [17] 0.940922903 0.940922875 0.940922837 0.940922788 0.940922723 0.940922636 0.940922522 0.940922371
 [25] 0.940922171 0.940921908 0.940921559 0.940921098 0.940920488 0.940919682 0.940918617 0.940917209
 [33] 0.940915347 0.940912886 0.940909633 0.940905332 0.940899647 0.940892132 0.940882198 0.940869065
 [41] 0.940851705 0.940828757 0.940798423 0.940758324 0.940705321 0.940635261 0.940542659 0.940420267
 [49] 0.940258510 0.940044745 0.939762279 0.939389083 0.938896101 0.938245041 0.937385480 0.936251113
 [57] 0.934754899 0.932782830 0.930186026 0.926774689 0.922308132 0.916448832 0.908800355 0.898855931
 [65] 0.885993170 0.869467283 0.848419044 0.821908743 0.788990292 0.748840037 0.700942919 0.645328213
 [73] 0.582799476 0.515075749 0.444743122 0.374946306 0.308853373 0.249100163 0.197350047 0.154163058
 [81] 0.119172749 0.091458861 0.069823909 0.053107892 0.040308896 0.030583413 0.023244808 0.017754587
 [89] 0.013686683 0.010702863 0.008532035 0.006989620 0.005914376 0.005187578 0.004701647 0.004385478
 [97] 0.004191383 0.004062125 0.003994953 0.003953760

$cvsd
  [1] 0.0940161057 0.0940161057 0.0940161057 0.0940161056 0.0940161056 0.0940161055 0.0940161054
  [8] 0.0940161053 0.0940161051 0.0940161049 0.0940161046 0.0940161042 0.0940161037 0.0940161030
 [15] 0.0940161021 0.0940161009 0.0940160993 0.0940160973 0.0940160945 0.0940160909 0.0940160860
 [22] 0.0940160797 0.0940160713 0.0940160601 0.0940160454 0.0940160260 0.0940160003 0.0940159663
 [29] 0.0940159214 0.0940158621 0.0940157836 0.0940156798 0.0940155427 0.0940153614 0.0940151218
 [36] 0.0940148050 0.0940143862 0.0940138326 0.0940131007 0.0940121333 0.0940108545 0.0940091639
 [43] 0.0940069293 0.0940039752 0.0940000705 0.0939949090 0.0939880865 0.0939790688 0.0939671501
 [50] 0.0939513980 0.0939305814 0.0939030744 0.0938667320 0.0938187245 0.0937553226 0.0936716160
 [57] 0.0935611473 0.0934154392 0.0932233879 0.0929692583 0.0926393574 0.0922037199 0.0916333967
 [64] 0.0908890413 0.0899214577 0.0886703094 0.0870635472 0.0850183302 0.0824445583 0.0792524253
 [71] 0.0753652293 0.0707378025 0.0653790358 0.0593726742 0.0528875503 0.0461713780 0.0395101221
 [78] 0.0331863280 0.0274260483 0.0223629181 0.0180448793 0.0144505244 0.0114942168 0.0090973356
 [85] 0.0071676139 0.0056233457 0.0043946842 0.0034207200 0.0026567631 0.0020672132 0.0016195937
 [92] 0.0012863860 0.0010468731 0.0008829818 0.0007702598 0.0006938082 0.0006468005 0.0006112944
 [99] 0.0005932159 0.0005801970

$cvup
  [1] 1.034939096 1.034939095 1.034939095 1.034939094 1.034939094 1.034939093 1.034939091 1.034939089
  [9] 1.034939087 1.034939084 1.034939079 1.034939074 1.034939066 1.034939056 1.034939043 1.034939025
 [17] 1.034939003 1.034938972 1.034938932 1.034938879 1.034938809 1.034938716 1.034938593 1.034938431
 [25] 1.034938217 1.034937934 1.034937559 1.034937064 1.034936409 1.034935544 1.034934400 1.034932888
 [33] 1.034930890 1.034928247 1.034924755 1.034920137 1.034914033 1.034905965 1.034895298 1.034881198
 [41] 1.034862560 1.034837921 1.034805352 1.034762300 1.034705392 1.034630170 1.034530746 1.034399335
 [49] 1.034225660 1.033996143 1.033692860 1.033292157 1.032762833 1.032063765 1.031140802 1.029922729
 [57] 1.028316046 1.026198269 1.023409414 1.019743947 1.014947490 1.008652551 1.000433751 0.989744972
 [65] 0.975914627 0.958137592 0.935482591 0.906927073 0.871434851 0.828092463 0.776308148 0.716066016
 [73] 0.648178512 0.574448423 0.497630673 0.421117684 0.348363495 0.282286491 0.224776096 0.176525977
 [81] 0.137217629 0.105909386 0.081318126 0.062205228 0.047476510 0.036206759 0.027639492 0.021175307
 [89] 0.016343446 0.012770076 0.010151628 0.008276006 0.006961249 0.006070560 0.005471907 0.005079286
 [97] 0.004838184 0.004673419 0.004588169 0.004533957

$cvlo
  [1] 0.846906884 0.846906884 0.846906884 0.846906883 0.846906882 0.846906881 0.846906880 0.846906879
  [9] 0.846906877 0.846906874 0.846906870 0.846906865 0.846906859 0.846906850 0.846906839 0.846906824
 [17] 0.846906804 0.846906778 0.846906743 0.846906697 0.846906637 0.846906557 0.846906451 0.846906311
 [25] 0.846906126 0.846905882 0.846905558 0.846905131 0.846904567 0.846903820 0.846902833 0.846901529
 [33] 0.846899804 0.846897525 0.846894511 0.846890527 0.846885261 0.846878299 0.846869097 0.846856932
 [41] 0.846840851 0.846819593 0.846791493 0.846754349 0.846705251 0.846640352 0.846554573 0.846441198
 [49] 0.846291360 0.846093347 0.845831698 0.845486008 0.845029369 0.844426316 0.843630157 0.842579497
 [57] 0.841193752 0.839367390 0.836962638 0.833805430 0.829668775 0.824245112 0.817166958 0.807966889
 [65] 0.796071712 0.780796973 0.761355497 0.736890413 0.706545734 0.669587612 0.625577689 0.574590411
 [73] 0.517420440 0.455703075 0.391855572 0.328774928 0.269343251 0.215913835 0.169923999 0.131800140
 [81] 0.101127870 0.077008337 0.058329692 0.044010557 0.033141282 0.024960068 0.018850123 0.014333867
 [89] 0.011029920 0.008635650 0.006912441 0.005703234 0.004867503 0.004304596 0.003931387 0.003691669
 [97] 0.003544583 0.003450830 0.003401737 0.003373563

$nzero
 s0  s1  s2  s3  s4  s5  s6  s7  s8  s9 s10 s11 s12 s13 s14 s15 s16 s17 s18 s19 s20 s21 s22 s23 s24 
 20  20  20  20  20  20  20  20  20  20  20  20  20  20  20  20  20  20  20  20  20  20  20  20  20 
s25 s26 s27 s28 s29 s30 s31 s32 s33 s34 s35 s36 s37 s38 s39 s40 s41 s42 s43 s44 s45 s46 s47 s48 s49 
 20  20  20  20  20  20  20  20  20  20  20  20  20  20  20  20  20  20  20  20  20  20  20  20  20 
s50 s51 s52 s53 s54 s55 s56 s57 s58 s59 s60 s61 s62 s63 s64 s65 s66 s67 s68 s69 s70 s71 s72 s73 s74 
 20  20  20  20  20  20  20  20  20  20  20  20  20  20  20  20  20  20  20  20  20  20  20  20  20 
s75 s76 s77 s78 s79 s80 s81 s82 s83 s84 s85 s86 s87 s88 s89 s90 s91 s92 s93 s94 s95 s96 s97 s98 s99 
 20  20  20  20  20  20  20  20  20  20  20  20  20  20  20  20  20  20  20  20  20  20  20  20  20 

$name
                 mse 
"Mean-Squared Error" 

$glmnet.fit

Call:  glmnet(x = as.matrix(predictors[train_set, ]), y = response[train_set],      lambda = grid, intercept = FALSE, standardize = FALSE, alpha = 0) 

       Df      %Dev    Lambda
  [1,] 20 1.092e-09 1.000e+10
  [2,] 20 1.444e-09 7.565e+09
  [3,] 20 1.909e-09 5.722e+09
  [4,] 20 2.524e-09 4.329e+09
  [5,] 20 3.336e-09 3.275e+09
  [6,] 20 4.410e-09 2.477e+09
  [7,] 20 5.830e-09 1.874e+09
  [8,] 20 7.707e-09 1.417e+09
  [9,] 20 1.019e-08 1.072e+09
 [10,] 20 1.347e-08 8.111e+08
 [11,] 20 1.780e-08 6.136e+08
 [12,] 20 2.354e-08 4.642e+08
 [13,] 20 3.111e-08 3.511e+08
 [14,] 20 4.113e-08 2.656e+08
 [15,] 20 5.437e-08 2.009e+08
 [16,] 20 7.188e-08 1.520e+08
 [17,] 20 9.502e-08 1.150e+08
 [18,] 20 1.256e-07 8.697e+07
 [19,] 20 1.660e-07 6.579e+07
 [20,] 20 2.195e-07 4.977e+07
 [21,] 20 2.902e-07 3.765e+07
 [22,] 20 3.836e-07 2.848e+07
 [23,] 20 5.071e-07 2.154e+07
 [24,] 20 6.703e-07 1.630e+07
 [25,] 20 8.861e-07 1.233e+07
 [26,] 20 1.171e-06 9.326e+06
 [27,] 20 1.549e-06 7.055e+06
 [28,] 20 2.047e-06 5.337e+06
 [29,] 20 2.706e-06 4.037e+06
 [30,] 20 3.577e-06 3.054e+06
 [31,] 20 4.729e-06 2.310e+06
 [32,] 20 6.251e-06 1.748e+06
 [33,] 20 8.264e-06 1.322e+06
 [34,] 20 1.092e-05 1.000e+06
 [35,] 20 1.444e-05 7.565e+05
 [36,] 20 1.909e-05 5.722e+05
 [37,] 20 2.524e-05 4.329e+05
 [38,] 20 3.336e-05 3.275e+05
 [39,] 20 4.410e-05 2.477e+05
 [40,] 20 5.830e-05 1.874e+05
 [41,] 20 7.707e-05 1.417e+05
 [42,] 20 1.019e-04 1.072e+05
 [43,] 20 1.347e-04 8.111e+04
 [44,] 20 1.780e-04 6.136e+04
 [45,] 20 2.353e-04 4.642e+04
 [46,] 20 3.111e-04 3.511e+04
 [47,] 20 4.112e-04 2.656e+04
 [48,] 20 5.435e-04 2.009e+04
 [49,] 20 7.184e-04 1.520e+04
 [50,] 20 9.495e-04 1.150e+04
 [51,] 20 1.255e-03 8.697e+03
 [52,] 20 1.658e-03 6.579e+03
 [53,] 20 2.191e-03 4.977e+03
 [54,] 20 2.895e-03 3.765e+03
 [55,] 20 3.824e-03 2.848e+03
 [56,] 20 5.051e-03 2.154e+03
 [57,] 20 6.668e-03 1.630e+03
 [58,] 20 8.800e-03 1.233e+03
 [59,] 20 1.161e-02 9.326e+02
 [60,] 20 1.530e-02 7.055e+02
 [61,] 20 2.012e-02 5.337e+02
 [62,] 20 2.645e-02 4.037e+02
 [63,] 20 3.472e-02 3.054e+02
 [64,] 20 4.546e-02 2.310e+02
 [65,] 20 5.936e-02 1.748e+02
 [66,] 20 7.720e-02 1.322e+02
 [67,] 20 9.993e-02 1.000e+02
 [68,] 20 1.285e-01 7.565e+01
 [69,] 20 1.640e-01 5.722e+01
 [70,] 20 2.073e-01 4.329e+01
 [71,] 20 2.589e-01 3.275e+01
 [72,] 20 3.187e-01 2.477e+01
 [73,] 20 3.858e-01 1.874e+01
 [74,] 20 4.584e-01 1.417e+01
 [75,] 20 5.336e-01 1.072e+01
 [76,] 20 6.080e-01 8.111e+00
 [77,] 20 6.783e-01 6.136e+00
 [78,] 20 7.416e-01 4.642e+00
 [79,] 20 7.962e-01 3.511e+00
 [80,] 20 8.416e-01 2.656e+00
 [81,] 20 8.783e-01 2.009e+00
 [82,] 20 9.072e-01 1.520e+00
 [83,] 20 9.296e-01 1.150e+00
 [84,] 20 9.468e-01 8.697e-01
 [85,] 20 9.600e-01 6.579e-01
 [86,] 20 9.699e-01 4.977e-01
 [87,] 20 9.773e-01 3.765e-01
 [88,] 20 9.828e-01 2.848e-01
 [89,] 20 9.869e-01 2.154e-01
 [90,] 20 9.899e-01 1.630e-01
 [91,] 20 9.920e-01 1.233e-01
 [92,] 20 9.935e-01 9.326e-02
 [93,] 20 9.945e-01 7.055e-02
 [94,] 20 9.952e-01 5.337e-02
 [95,] 20 9.957e-01 4.037e-02
 [96,] 20 9.960e-01 3.054e-02
 [97,] 20 9.962e-01 2.310e-02
 [98,] 20 9.963e-01 1.748e-02
 [99,] 20 9.964e-01 1.322e-02
[100,] 20 9.964e-01 1.000e-02

$lambda.min
[1] 0.01

$lambda.1se
[1] 0.03053856

attr(,"class")
[1] "cv.glmnet"

Best Lambda
[1] 0.01

Ridge Test MSE
[1] 0.005515825
